function K = LQR_K(L0)
%LQR_K
%    K = LQR_K(L0)

%    This function was generated by the Symbolic Math Toolbox version 23.2.
%    2024-05-02 08:14:19

t2 = L0.^2;
t3 = L0.^3;
mt1 = [L0.*2.263247513184323e+1-t2.*3.867614856995376e+2+t3.*5.803183432048286e+2-2.463697162681068e+1];
mt2 = [L0.*3.092307510675218e+1-t2.*1.308815588337777e+2+t3.*1.534150045252624e+2+3.761788355131997];
mt3 = [L0.*8.037836458643946e+1-t2.*3.164656081500287e+2+t3.*3.576173131766914e+2-1.232498223299327e+1];
mt4 = [L0.*(-2.796937478515692)+t2.*2.011754937388882+t3.*2.245542016057211+1.836969629562819];
mt5 = [L0.*2.107407847883167e+1-t2.*7.747764551221567e+1+t3.*8.727356721726491e+1-1.055183404087326e+1];
mt6 = [L0.*(-4.241012595849046)-t2.*1.853810761961489e+1+t3.*3.839502031206386e+1+3.976627435127454];
mt7 = [L0.*6.4720210137433e+1-t2.*2.106581698983323e+2+t3.*2.199862025212311e+2-1.592625245094753e+1];
mt8 = [L0.*(-1.167272057016099e+1)+t2.*4.50475026796787+t3.*1.525121986696586e+1+4.713658994840396];
mt9 = [L0.*(-2.993451624020441)-t2.*1.036869390210772e+2+t3.*1.756194610836295e+2+1.262472451884157e+1];
mt10 = [L0.*1.213321892295988e+1-t2.*8.440596994775781-t3.*1.0596487497785e+1+2.664411014546482e+1];
mt11 = [L0.*(-1.702109770275533e+1)+t2.*3.131995264593217e+1-t3.*1.86396260496407e+1+4.1806332614051];
mt12 = [L0.*4.260922657421639-t2.*7.985012752339458+t3.*4.701836979783284+2.493797138248722];
K = reshape([mt1,mt2,mt3,mt4,mt5,mt6,mt7,mt8,mt9,mt10,mt11,mt12],2,6);
end
